1
Mikal Bridges
NYK | SF
28	1875	49	38.3	7.4	15.1	0.493	2.4	6.7	0.363	0.9	1.1	0.75	0.9	2.2	3.1	3.3	1	0.5	1.5	18.1
2
Josh Hart
NYK | SF
29	1802	48	37.5	5.4	9.7	0.56	1.2	3.4	0.348	2.1	2.6	0.811	2.3	7.5	9.8	5.8	1.6	0.4	1.9	14.2
3
OG Anunoby
NYK | SF
27	1778	49	36.3	6.2	12.8	0.482	2.1	5.8	0.365	1.9	2.4	0.792	1.3	3.4	4.7	2	1.4	0.9	1.3	16.4
4
Anthony Edwards
MIN | SG
23	1760	48	36.7	9.1	20.2	0.448	4.1	9.8	0.423	4.4	5.3	0.829	0.8	4.9	5.7	4.5	1.1	0.7	3.4	26.6
5
Jalen Brunson
NYK | PG
28	1693	48	35.3	8.9	18.2	0.489	2.4	5.9	0.402	5.6	6.9	0.809	0.4	2.5	2.9	7.5	0.9	0.1	2.4	25.7
6
Jayson Tatum
BOS | SF
26	1672	47	36.5	9	19.9	0.456	3.6	10	0.356	5.2	6.5	0.8	0.6	8.3	8.9	5.7	1.2	0.5	2.9	26.9
7
De'Aaron Fox
SAS | PG
27	1663	45	37	9.2	19.6	0.469	2	6.4	0.322	4.5	5.5	0.829	1	4	5	6.1	1.5	0.4	3	25
8
Tyler Herro
MIA | SG
25	1633	46	35.5	8.3	17.6	0.47	3.8	9.7	0.394	3.4	4	0.859	0.3	5.2	5.5	5.4	0.7	0.1	2.5	23.8
9
Domantas Sabonis
SAC | C
28	1629	45	36.2	8.1	13.4	0.605	1.2	2.4	0.473	3.3	4.3	0.769	3.9	10.4	14.4	6.5	0.6	0.4	3	20.8
10
Rudy Gobert
MIN | C
32	1625	49	33.2	4.1	6.3	0.645	0	0	0	2.3	3.4	0.68	3.3	7	10.2	1.9	0.7	1.5	1.4	10.5
11
Michael Porter Jr.
DEN | PF
26	1624	49	33.1	6.8	13.3	0.512	2.5	6.2	0.401	1.9	2.5	0.734	1.6	4.8	6.4	2.2	0.6	0.5	1.3	18
12
Trae Young
ATL | PG
26	1618	45	36	7	17.5	0.401	2.9	8.6	0.339	5.9	6.9	0.858	0.5	2.8	3.3	11.5	1.3	0.2	4.6	22.8
13
Fred VanVleet
HOU | PG
30	1596	45	35.5	5	13	0.387	2.7	7.8	0.344	1.9	2.3	0.824	0.7	3.2	3.9	5.8	1.6	0.4	1.6	14.6
14
Jalen Green
HOU | SG
22	1586	48	33	7.5	17.5	0.429	2.9	8.1	0.355	3.6	4.1	0.873	0.5	3.8	4.3	2.8	0.9	0.3	2.5	21.5
15
Devin Booker
PHX | SG
28	1584	43	36.8	8.5	19	0.45	2.7	7.8	0.344	6.2	6.9	0.892	1	3.1	4	6.7	1.1	0.3	2.6	25.9
16
Shai Gilgeous-Alexander
OKC | PG
26	1582	46	34.4	11.4	21.5	0.528	2	5.7	0.346	7.7	8.6	0.901	0.9	4.3	5.3	6	2	1.1	2.7	32.4
17
Keegan Murray
SAC | PF
24	1580	45	35.1	4.7	10.8	0.431	1.8	5.6	0.323	0.8	1	0.822	2.2	4.9	7.1	1.4	0.8	0.9	0.9	12
18
Tyrese Haliburton
IND | PG
24	1575	46	34.2	6.3	13.9	0.453	2.9	8	0.369	2.7	3.2	0.846	0.6	3	3.7	8.7	1.2	0.6	1.8	18.2
19
Cade Cunningham
DET | SG
23	1567	45	35.6	9.6	20.9	0.458	2.3	6.4	0.36	3.8	4.6	0.825	0.9	5.4	6.3	9.4	0.9	0.8	4.5	25.2
20
Nikola Jokić
DEN | C
29	1564	43	36.4	11.3	19.8	0.569	2	4.4	0.468	5	6.2	0.816	3.2	9.7	12.8	10.3	1.9	0.7	3.2	29.6
21
Julius Randle
MIN | PF
30	1564	48	32.6	6.6	14	0.47	1.5	4.6	0.321	4.2	5.2	0.811	2.1	5	7.2	4.5	0.7	0.2	2.8	18.9
22
Bam Adebayo
MIA | C
27	1559	46	33.9	6.3	13.4	0.467	0.7	2.5	0.287	3	4.1	0.733	2.5	7.5	10	4.6	1.3	0.8	2.2	16.2
23
Christian Braun
DEN | SF
23	1558	48	32.5	5.6	9.8	0.576	1	2.6	0.389	2.2	2.6	0.835	1.3	3.5	4.8	2	1.1	0.5	1	14.5
24
Pascal Siakam
IND | PF
30	1556	47	33.1	8	15	0.531	1.8	4.3	0.415	2.8	3.8	0.747	1.8	5.6	7.4	3.5	0.9	0.4	1.3	20.5
25
Derrick White
BOS | SG
30	1552	47	33.8	5.5	12.6	0.439	3.3	8.8	0.377	1.7	2.1	0.837	0.9	3.3	4.2	4.2	0.9	1.2	1.6	16.1
26
Jamal Murray
DEN | PG
27	1548	43	36	7.6	16.5	0.461	2	5.7	0.362	3.1	3.6	0.871	0.6	3.4	4	6.1	1.4	0.6	2.3	20.4
27
Nikola Vučević
CHI | C
34	1544	49	32.3	8.1	14.7	0.551	1.9	4.6	0.401	1.8	2.2	0.822	2.4	8	10.4	3.6	0.9	0.7	1.6	19.9
28
DeMar DeRozan
SAC | SF
35	1540	43	35.8	8	16.6	0.482	0.9	2.7	0.319	4.7	5.4	0.863	0.6	3.2	3.7	3.6	1.1	0.4	1.4	21.5
29
Jaden McDaniels
MIN | SF
24	1532	49	31.3	4.2	9.1	0.462	1.3	3.8	0.342	1.1	1.3	0.788	1.4	3.9	5.3	1.7	1.5	0.8	1.1	10.7
30
LeBron James
LAL | PF
40	1526	44	34.7	9.3	18.2	0.513	2.1	5.5	0.379	3.3	4.3	0.767	0.9	6.7	7.6	9.1	0.8	0.5	3.8	24
31
James Harden
LAC | SG
35	1522	46	33.9	6.3	15.9	0.397	2.8	8.2	0.346	6.2	6.9	0.893	0.6	5.2	5.8	8.4	1.5	0.6	4.6	21.6
32
Karl-Anthony Towns
NYK | C
29	1520	44	34.5	8.8	16.4	0.535	2	4.7	0.424	4.8	5.8	0.842	3.1	10.5	13.6	3.4	1	0.8	2.5	24.3
33
Tyrese Maxey
PHI | PG
24	1516	41	38	9.6	21.6	0.442	3.3	9.6	0.349	5.2	6	0.873	0.2	3.2	3.4	6	1.9	0.4	2.5	27.7
34
Toumani Camara
POR | PF
24	1495	47	31.8	3.8	8.4	0.447	1.4	4.1	0.351	1.1	1.6	0.726	2.3	3.5	5.7	2	1.4	0.6	1.5	10.1
35
Kelly Oubre Jr.
PHI | SF
29	1495	45	34.2	5.5	12	0.459	1.2	4.2	0.293	2.2	3	0.748	1.6	4.7	6.4	1.9	1.5	0.5	1.3	14.4
36
Jaylen Brown
BOS | SF
28	1489	43	35.6	8.6	18.8	0.459	2	6.2	0.321	4	5.5	0.737	1.5	4.6	6.1	4.8	1.2	0.3	2.6	23.3
37
Dyson Daniels
ATL | SG
21	1480	44	33.6	5.7	12.3	0.467	1.2	3.6	0.319	1	1.6	0.609	1.7	3.6	5.3	3.7	3	0.8	1.9	13.6
38
Brook Lopez
MIL | C
36	1479	47	32.1	4.6	9.6	0.475	1.9	5.1	0.365	1.1	1.3	0.794	1.1	3.6	4.7	1.7	0.7	2	1	12.1
39
Jalen Williams
OKC | SG
23	1476	45	32.8	8.2	17.2	0.475	1.7	5	0.347	3.1	4	0.781	0.8	4.8	5.6	5.2	1.8	0.8	2.3	21.1
40
Tobias Harris
DET | PF
32	1472	47	32	4.9	11.1	0.446	1.3	3.9	0.33	1.7	2	0.862	0.9	5.2	6.1	2.4	0.9	0.9	1.1	12.9
41
Ivica Zubac
LAC | C
27	1463	47	32	6.8	11.1	0.612	0	0	0	1.7	2.8	0.598	3.8	8.9	12.7	2.5	0.7	1.2	1.7	15.3
42
Austin Reaves
LAL | SG
26	1460	42	34.8	6.1	13.6	0.449	2.6	7	0.371	3.6	4.2	0.843	0.8	3.5	4.3	6.1	1.1	0.1	2.4	18.4
43
Bilal Coulibaly
WAS | SF
20	1455	44	33.1	4.3	10.4	0.416	1	3.8	0.271	2.5	3.3	0.769	1.4	3.5	4.9	3.3	1.3	0.8	2.1	12.2
44
Alperen Sengun
HOU | C
22	1442	46	31.3	7.6	15.5	0.491	0.3	1.4	0.227	3.6	5.1	0.708	3.4	7	10.4	5	1.3	0.8	2.4	19.1
45
Kentavious Caldwell-Pope
ORL | SG
31	1441	47	30.7	3.2	7.6	0.415	1.5	4.8	0.311	1.2	1.4	0.877	0.3	1.6	1.9	1.9	1.5	0.5	0.9	9
46
Anfernee Simons
POR | PG
25	1441	45	32	6.5	15.2	0.424	2.9	8	0.369	2.4	2.6	0.898	0.3	2.5	2.8	4.8	0.8	0.1	2.1	18.2
47
Donovan Mitchell
CLE | SG
28	1440	47	31.1	8.3	18.4	0.45	3.7	9.2	0.398	3.4	4.1	0.834	0.7	3.6	4.3	4.7	1.4	0.2	1.9	23.7
48
Dillon Brooks
HOU | SF
29	1440	45	32	5	11.8	0.421	2.4	6.1	0.385	1.2	1.5	0.848	1.2	2.6	3.8	1.5	0.8	0.2	1	13.6
49
Anthony Davis
DAL | C
31	1440	42	34.3	9.5	18	0.528	0.7	2.2	0.298	6	7.6	0.788	2.8	9	11.9	3.4	1.3	2.1	2.2	25.7
50
Bennedict Mathurin
IND | SF
22	1438	45	32	5.8	12.3	0.473	1.5	4.2	0.358	3.3	4	0.826	1.2	4.6	5.8	1.8	0.6	0.4	2	16.4
51
Zach LaVine
SAC | SG
29	1432	42	34.1	8.6	16.9	0.511	3.2	7.3	0.446	3.5	4.3	0.797	0.3	4.5	4.8	4.5	0.9	0.2	2.9	24
52
Damian Lillard
MIL | PG
34	1420	40	36.4	7.7	17.3	0.446	3.4	8.9	0.38	6.2	6.8	0.922	0.5	4.1	4.6	7.3	1.2	0.2	2.8	25
53
Kyrie Irving
DAL | PG
32	1402	39	35.9	8.9	18.6	0.479	2.9	7.1	0.415	3.5	3.9	0.901	1.1	3.6	4.6	4.8	1.2	0.3	2.3	24.3
54
Darius Garland
CLE | PG
25	1396	47	30.2	7.8	15.5	0.503	3	6.9	0.428	3.1	3.5	0.886	0.6	2	2.5	6.9	1.1	0.2	2.4	21.7
56
Amen Thompson
HOU | SF
22	1395	45	31	5.2	9.6	0.545	0.3	1.3	0.241	2.9	4.1	0.707	2.7	5.4	8.1	2.9	1.4	1.2	1.9	13.6
57
Giannis Antetokounmpo
MIL | PF
30	1394	41	34.9	12.7	20.9	0.608	0.1	0.8	0.188	6.2	10.7	0.577	2.3	9.9	12.2	5.9	0.8	1.3	3.4	31.8
58
Jarrett Allen
CLE | C
26	1393	49	28.8	5.6	8	0.706	0	0	0	2.5	3.4	0.733	2.6	7.5	10	1.9	0.9	0.9	1.1	13.7
59
Tyus Jones
PHX | PG
28	1391	47	29.6	4.2	8.9	0.471	2.1	4.9	0.42	0.7	0.9	0.875	0.5	1.9	2.4	5.9	0.9	0.1	1.3	11.2
60
P.J. Washington
DAL | PF
26	1383	42	32.9	5.2	11.8	0.439	1.6	4.3	0.38	2.4	3.2	0.75	1.6	6.7	8.4	2.3	1.2	1	1.9	14.4
61
Dennis Schröder
GSW | PG
31	1381	46	30	5.2	12.4	0.418	2	5.7	0.351	2.2	2.6	0.842	0.3	2.3	2.7	5.6	1.1	0.2	2.3	14.5
62
Myles Turner
IND | C
28	1372	44	31.2	5.5	11.5	0.48	2.1	5.2	0.4	2.4	3.2	0.755	1.3	5.5	6.8	1.6	0.8	1.9	2	15.6
63
Coby White
CHI | PG
25	1369	43	32.6	6.3	14.4	0.435	3	8.3	0.366	2.9	3.3	0.886	0.3	3	3.4	4.6	1	0.2	2.5	18.4
64
Kevin Durant
PHX | PF
36	1365	38	35.9	9.8	18.6	0.525	2.4	5.8	0.405	5	6.1	0.827	0.4	5.7	6.1	4.1	0.8	1.3	3	26.9
65
Jaren Jackson Jr.
MEM | PF
25	1360	47	29.6	8.4	16.9	0.497	1.9	5.3	0.363	4.4	5.6	0.777	1.4	4.7	6.1	2.1	1.3	1.6	2.2	23.1
66
Payton Pritchard
BOS | PG
27	1350	49	27.5	4.8	10.3	0.466	3.2	7.6	0.417	1	1.2	0.847	1.3	2.2	3.6	3.4	0.9	0.2	1	13.8
67
Jakob Poeltl
TOR | C
29	1343	44	31.2	6.3	10.3	0.611	0	0	0	1.7	2.6	0.655	3.5	6.8	10.3	2.9	1.2	1.3	2	14.4
68
Chris Paul
SAS | PG
39	1338	46	29.1	3.2	7.5	0.418	1.7	4.8	0.362	1.5	1.5	0.958	0.5	3.7	4.2	8.2	1.3	0.2	1.5	9.5
69
Malik Beasley
DET | SG
28	1337	49	27.9	5.7	13.1	0.432	3.8	9.2	0.409	1.1	1.7	0.675	0.6	2.3	2.9	1.8	0.9	0	1.1	16.3
70
RJ Barrett
TOR | SF
24	1332	41	33.3	8.1	17.3	0.47	1.8	5.2	0.349	3.5	5.4	0.655	1	5.6	6.6	5.7	0.8	0.3	3	21.6
71
Jalen Wilson
BKN | SF
24	1332	48	27.8	3.3	8.4	0.392	1.4	4.5	0.309	1.7	2	0.842	1	2.5	3.5	1.9	0.5	0	1.2	9.6
72
Norman Powell
LAC | SG
31	1330	40	33.2	8.4	16.8	0.499	3.4	7.8	0.436	3.9	4.7	0.831	0.4	3.3	3.6	2.2	1.4	0.2	2.1	24.1
73
Russell Westbrook
DEN | PG
36	1328	48	27.7	4.9	10.3	0.477	1.1	3.5	0.331	2	3.2	0.641	1.4	3.7	5.1	6.4	1.5	0.5	3	13
74
Victor Wembanyama
SAS | C
21	1326	40	33.1	9	18.9	0.476	3.3	9.1	0.358	3.4	4	0.849	1.7	9.2	10.9	3.7	1.1	4	3.4	24.6
75
Deni Avdija
POR | SF
24	1321	46	28.7	4.9	10.5	0.465	1.5	4.3	0.342	3.5	4.5	0.776	1.3	5.2	6.5	3.5	1.1	0.6	2.4	14.7
76
Luguentz Dort
OKC | SG
25	1315	45	29.2	3.4	8.2	0.416	2.3	5.6	0.415	0.7	0.8	0.811	1.5	2.9	4.4	1.7	1	0.7	0.7	9.8
77
Collin Sexton
UTA | PG
26	1310	45	29.1	6.6	13.8	0.478	1.9	4.7	0.414	3.6	4	0.894	1.1	1.9	2.9	4.2	0.7	0.1	2.6	18.7
78
Harrison Barnes
SAS | PF
32	1292	46	28.1	4	8	0.501	1.6	3.7	0.419	2.3	2.8	0.802	1.5	2.5	3.9	1.8	0.3	0.2	0.6	11.8
79
Josh Giddey
CHI | SF
22	1284	46	28.7	4.5	10.1	0.443	1.2	3.8	0.329	1.5	2	0.75	1.6	5.7	7.4	6.6	1.1	0.5	2.7	11.7
80
Jalen Johnson
ATL | PF
23	1284	36	35.7	7.5	15.1	0.5	1.2	3.9	0.312	2.6	3.5	0.746	1.7	8.3	10	5	1.6	1	2.9	18.9
81
Malik Monk
SAC | SG
26	1274	40	31.8	6.6	14.6	0.45	2.3	7	0.331	2.6	3	0.873	0.4	3.4	3.7	5.9	1	0.6	2	18
82
Rui Hachimura
LAL | PF
26	1273	40	31.8	4.8	9.6	0.505	1.6	3.7	0.426	1.4	1.8	0.781	1.5	3.6	5.1	1.5	0.9	0.5	1	12.7
83
Jordan Poole
WAS | SG
25	1272	41	31	6.7	16	0.417	3.6	9.2	0.394	3.7	4.3	0.864	0.5	2.6	3.1	4.8	1.5	0.5	3.4	20.7
84
Jrue Holiday
BOS | PG
34	1270	43	30.3	4.1	9.2	0.442	1.8	5.2	0.345	1.2	1.3	0.893	1.1	3.2	4.3	3.7	1	0.4	1.3	11.1
85
Shaedon Sharpe
POR | SG
21	1265	41	30.9	6.5	14.5	0.447	2	6.1	0.324	2.5	3.1	0.797	0.7	3.2	3.9	2.5	0.8	0.2	1.9	17.4
86
Evan Mobley
CLE | PF
23	1263	43	29.9	7	12.3	0.573	1.1	2.7	0.398	3.1	4	0.759	2.1	7	9.1	2.9	0.9	1.5	1.9	18.3
87
Andrew Wiggins
GSW | SF
29	1261	42	30	6	13.7	0.443	2.2	5.8	0.383	3.1	3.9	0.787	1.6	3.1	4.6	2.4	1	0.8	1.3	17.4
88
Cason Wallace
OKC | PG
21	1259	46	27.4	3	6.8	0.442	1	2.9	0.333	0.3	0.4	0.778	1.1	2.4	3.5	2.4	1.8	0.6	0.7	7.3
89
Jaylen Wells
MEM | SF
21	1257	49	26.3	4.1	9.2	0.444	1.9	5	0.382	1.5	1.8	0.841	1.1	2.1	3.2	1.8	0.6	0.1	1	11.6
90
Tim Hardaway Jr.
DET | SG
32	1254	45	28.5	3.5	8.5	0.417	2.1	5.6	0.376	1.7	2.1	0.817	0.2	2	2.2	1.5	0.5	0	0.7	10.8
91
Yves Missi
NOP | C
20	1240	46	27	3.4	6.2	0.554	0	0	0	1.8	2.8	0.651	3.5	4.6	8.1	1.4	0.5	1.5	1.2	8.7
92
Stephen Curry
GSW | PG
36	1237	39	31.7	7.4	16.8	0.44	4.2	10.5	0.402	3.1	3.3	0.937	0.5	4.1	4.6	6.2	1.1	0.5	2.9	22.1
93
Amir Coffey
LAC | SF
27	1228	48	26.1	3.5	7.5	0.471	1.5	3.7	0.412	1.6	1.8	0.906	0.5	2	2.5	1.2	0.6	0.1	0.7	10.2
94
Terry Rozier
MIA | PG
30	1227	43	28.5	4.5	10.9	0.413	1.6	5.2	0.3	1.7	1.9	0.867	0.8	3.4	4.2	3	0.6	0.3	1.5	12.3
95
Josh Green
CHA | SG
24	1227	43	28.5	2.6	6	0.436	1.5	3.5	0.417	0.7	1	0.711	1	1.8	2.8	1.5	1.1	0.3	0.9	7.5
96
Gradey Dick
TOR | SG
21	1221	42	29.8	5.4	12.8	0.419	2.2	6.4	0.349	2.7	3	0.883	0.7	2.6	3.3	2	0.8	0.2	1.5	15.7
97
Naz Reid
MIN | C
25	1213	48	25.3	5	10.3	0.484	2.1	5.1	0.418	1.4	1.8	0.788	0.9	4.1	5	1.8	0.8	0.8	1.2	13.5
98
Scottie Barnes
TOR | SF
23	1212	36	34.6	7.7	16.8	0.458	1.4	4.9	0.277	3.4	4.5	0.759	1.6	6.5	8.1	6.4	1.4	0.9	3.1	20.1
99
Tristan da Silva
ORL | PF
23	1205	46	26.2	3.3	7.8	0.42	1.3	3.9	0.331	0.8	1	0.848	1.3	2.8	4.1	1.7	0.5	0.2	0.9	8.7
100
CJ McCollum
NOP | SG
33	1205	36	33.5	8.3	18.4	0.448	3	8.3	0.367	2.3	3.3	0.7	0.7	2.9	3.6	3.8	0.8	0.5	1.7	21.9