11
Kyrie Irving
2023 | PG
30	2241	247	273	90.5	188	496	37.9	41.2	1.2	22.7	-0.29	61.3	3.2	57.2	19.7	8.1	4.4	1	4	5	5.4	1.1	0.8	2.1	26.5	48.4	9.2	84.5	5.8	8.1	4.2	-0.4	3.8
12
Malcolm Brogdon
2023 | PG
30	1744	160	184	87	132	297	44.4	40.6	0.6	25.1	-0.69	61.5	3.4	57.4	15.2	6.2	3.8	0.9	5	5.8	5.1	0.9	0.4	2	20.7	40.2	7.5	84.1	6.1	9	1.2	-0.2	1.1
13
Anfernee Simons
2023 | PG
23	2171	160	179	89.4	212	562	37.7	53.8	13.8	17.1	-0.58	58.1	0	54.8	17.5	9.4	3	0.3	2.4	2.7	4.2	0.7	0.2	2.2	21.8	39.5	6.1	83.9	4.7	6	1	-1.8	-0.8
14
Georges Niang
2023 | PF
29	1512	39	45	86.7	154	384	40.1	76.5	36.5	9	0.51	61	2.9	59.6	11.9	9.1	1.1	0.5	3.9	4.4	1.8	0.8	0.3	1.3	15	22.8	1.9	83.9	2.9	8.3	-0.3	-0.5	-0.8
15
Bojan Bogdanovic
2023 | SF
33	1893	268	303	88.4	145	353	41.1	40	0	34.4	-0.79	62.7	4.6	57.0	16.6	6.7	5.7	0.7	3.5	4.2	2.9	0.7	0.2	2.6	23.9	36.7	5.4	83.6	3.3	5.8	1.3	-2.2	-0.9
16
Kevin Durant
2023 | PF
34	1672	307	334	91.9	93	230	40.4	26.7	-13.3	38.7	-0.81	67.7	9.6	61.4	18.7	5	7.3	0.4	6.5	6.8	5.1	0.8	1.4	3.4	29.6	49.2	10.7	83.6	5.9	8.4	4	0.6	4.7
17
Grayson Allen
2023 | SG
27	1972	114	126	90.5	146	366	39.9	65.7	25.7	22.6	-0.80	61.2	3.1	57.1	9.9	6.5	2.3	1.1	3.2	4.2	2.9	1.1	0.2	1.3	13.4	23.4	2.3	83.4	5	8.2	-0.3	0.4	0.1
18
Tyrese Haliburton
2023 | PG
22	1883	175	201	87.1	161	402	40	47.8	7.8	23.9	-1.62	62.4	4.3	58.6	15.8	7.6	3.8	0.6	3.2	3.8	11	1.7	0.5	2.6	21.8	59.9	15	82.9	9.9	9.3	3.9	-1	2.9
19
Donovan Mitchell
2023 | SG
26	2432	319	368	86.7	245	635	38.6	45.3	5.3	26.2	-0.45	61.4	3.3	57.2	21.3	9.7	5.6	1	3.5	4.4	4.6	1.5	0.4	2.7	29.3	49.7	9.3	82.5	5	7.3	4.1	0	4.1
20
Tyrese Maxey
2023 | PG
22	2016	180	213	84.5	160	369	43.4	40.4	0.4	23.3	-0.58	60.5	2.4	56.8	16.7	6.8	3.9	0.5	2.8	3.2	3.9	0.9	0.2	1.4	22.3	38.1	6	82.4	4.7	5.3	1.6	-1.6	0
21
Corey Kispert
2023 | SF
23	2093	75	88	85.2	163	384	42.4	65.6	25.6	15	-1.27	65.7	7.6	63.7	10.1	6.6	1.5	0.6	3	3.5	1.5	0.5	0.2	1	14	18.8	1.2	82.3	2.5	5.1	-0.3	-1.7	-2
22
Isaiah Joe
2023 | SG
23	1395	82	100	82	161	394	40.9	77.6	37.6	19.7	-0.23	62.6	4.5	59.9	12.5	9.8	2.5	0.7	3.7	4.4	2.2	1.2	0.2	1	17.1	25.9	2.6	82.3	3.5	7.5	1	-0.2	0.8
23
Lauri Markkanen
2023 | PF
25	2273	349	399	87.5	200	510	39.2	44.6	4.6	34.8	-0.77	64	5.9	58.7	17.9	8	6.3	2	6.9	8.9	2	0.7	0.6	2	26.6	35.5	4.3	82.2	2.5	5.9	2.8	-0.3	2.5
24
Michael Porter Jr.
2023 | PF
24	1798	96	120	80	188	454	41.4	55.6	15.6	14.7	-0.55	62.1	4	60.2	16.3	9	2.4	1.3	5.5	6.8	1.3	0.8	0.6	1.4	21.5	28.6	2.6	81.9	2	4.9	1.7	-0.4	1.4
25
Gary Harris
2023 | SG
28	1184	27	30	90	94	218	43.1	71	31	9.8	-0.11	62	3.9	60.3	9.3	6.6	0.9	0.6	2.3	3	1.8	1.4	0.4	0.8	12.1	17.9	1	81.8	3.4	5.4	-0.6	-0.2	-0.8
26
Darius Garland
2023 | PG
23	2447	277	321	86.3	169	412	41	36.5	-3.5	28.4	-0.76	58.7	0.6	53.7	17	6.2	4.9	0.5	2.4	2.8	8.1	1.3	0.2	3	22.5	54.1	12.3	81.3	7.9	8.2	2.9	0.2	3.1
27
Kawhi Leonard
2023 | SF
31	1748	243	279	87.1	104	250	41.6	28.7	-11.3	32	-1.21	62.3	4.2	57.2	18.2	5.3	5.9	1.2	5.9	7.1	4.3	1.5	0.6	1.8	25.9	43.3	7.6	81.2	5.4	8.3	3.5	1.5	5
28
Landry Shamet
2023 | SG
25	807	45	51	88.2	75	199	37.7	66.3	26.3	17	-0.22	53.7	-4.4	50.2	13.3	8.8	2.3	0.5	2.5	3	4.1	1.1	0.2	1.6	15.3	32.3	4.1	81.2	6	7.6	-0.7	0.2	-0.5
29
Cameron Johnson
2023 | PF
26	1199	101	120	84.2	103	255	40.4	53.8	13.8	25.3	-0.45	61.7	3.6	57.9	14.4	7.7	3.7	1.1	4.6	5.6	2.4	1.5	0.5	1.1	19.7	29.4	3.3	81	3.8	7.5	1	1.3	2.3
30
AJ Griffin
2023 | SF
19	1401	42	47	89.4	101	259	39	48.6	8.6	8.8	-0.70	57.7	-0.4	56.0	13.3	6.5	1.2	0.9	2.9	3.8	1.8	1.1	0.3	1.1	16	24.6	1.9	81	2.9	5.7	-0.2	-0.6	-0.8
31
Bones Hyland
2023 | PG
22	1085	86	102	84.3	117	315	37.1	55.2	15.2	17.9	0.25	53.5	-4.6	50.2	19.1	10.6	3.5	0.7	3.8	4.5	5.8	1.3	0.5	2.8	22.1	47.4	8.3	80.9	5.9	5.6	0.5	-1.6	-1.1
32
Bogdan Bogdanovic
2023 | SG
30	1508	64	77	83.1	146	360	40.6	58.9	18.9	12.6	-0.88	58.6	0.5	56.6	14.3	8.5	1.8	0.5	3.3	3.9	3.5	1	0.5	1.5	17.8	31.5	4.1	80.9	5.2	7.4	1.6	-1.1	0.5
33
Paul George
2023 | SF
32	1939	256	294	87.1	158	426	37.1	42.4	2.4	29.3	0.01	58.8	0.7	53.6	19	8	5.6	0.8	5.6	6.5	5.4	1.6	0.4	3.3	25.1	47.9	9	80.6	6	8.4	2.4	2.1	4.5
34
LaMelo Ball
2023 | PG
21	1268	102	121	84.3	144	383	37.6	53.1	13.1	16.9	0.41	54.1	-4	51.0	19.7	10.4	3.3	1.1	5.2	6.3	8.3	1.3	0.3	3.5	22.9	58.1	12.6	80.3	7.8	6.2	2	-0.7	1.3
35
Garrison Mathews
2023 | SG
26	686	48	53	90.6	63	180	35	89.6	49.6	26.4	0.32	57.3	-0.8	52.0	10.4	9.2	2.7	0.6	3.2	3.8	1.4	1.2	0.2	1	13.2	19.6	0.9	80.3	1.9	5.6	-0.8	0.4	-0.4
36
James Harden
2023 | SG
33	2135	313	361	86.7	161	418	38.5	49.6	9.6	42.9	-1.05	60.7	2.6	53.6	14.8	7.4	6.3	0.7	5.5	6.2	10.8	1.3	0.5	3.5	21.3	58.4	14.2	80.2	9.8	9.4	4.1	-0.2	3.9
37
Fred VanVleet
2023 | PG
28	2535	254	283	89.8	207	606	34.2	54.5	14.5	25.4	-0.20	54	-4.1	48.6	16.1	8.8	4.1	0.5	3.6	4.1	7.1	1.8	0.5	2	19.3	46.9	8.1	80	7.6	7.6	2.3	1	3.3
38
Jamal Murray
2023 | PG
25	2133	180	216	83.3	172	432	39.8	41.5	1.5	20.7	-1.20	57.1	-1	53.7	17.7	7.4	3.7	0.8	3.5	4.4	6.8	1.1	0.3	2.5	22.1	49.2	9.8	79.4	7.2	6.3	2.3	-1	1.3
39
Duncan Robinson
2023 | SF
28	691	29	32	90.6	63	192	32.8	81	41	13.5	1.07	53.4	-4.7	50.4	12.5	10.1	1.7	0.5	3.2	3.6	2.4	0.8	0	1.5	14.1	25.4	2.1	79.4	3.6	5.7	-0.7	-0.7	-1.5
40
Malik Monk
2023 | SG
24	1719	184	207	88.9	143	398	35.9	50	10	26	-0.32	58.7	0.6	53.8	16.1	8	4.2	0.7	3.5	4.1	6	1	0.4	2.9	21	45.3	8.5	79.4	6.9	6.3	1.1	-1.5	-0.4
#Name	Age	MP	FTM	FTA	FT%	3PM	3PA	3P%	3PAr	r3PAr	FTr	rPF	TS%	rTS%	EFG%	FGA	3PA	FTA	ORB	DRB	REB	AST	STL	BLK	TOV	PTS	LOAD	BC	SQ	PR	PORT	COPM	CDPM	CPM
41
Mikal Bridges
2023 | SF
26	2963	316	353	89.5	169	442	38.2	34.9	-5.1	27.9	-1.01	58.7	0.6	53.5	15.6	5.5	4.4	1	3.5	4.5	3.4	1.1	0.8	1.6	20.6	34.6	4.6	79.3	4.6	6	1	0.4	1.3
42
Jaden Hardy
2023 | SG
20	708	65	79	82.3	63	156	40.4	46.8	6.8	23.7	0.32	57.1	-1	53.3	16.7	7.8	4	0.5	3.9	4.4	3.2	0.8	0.4	2.3	21	37.8	5.4	79.2	3.9	5.2	-0.2	-1.6	-1.8
43
Joe Ingles
2023 | SF
35	1044	18	21	85.7	83	203	40.9	81.9	41.9	8.5	-0.39	61.6	3.5	60.3	8.2	6.7	0.7	0.5	3.8	4.2	5	1.1	0.2	1.8	10.4	26.4	3.6	78.4	8.2	8.5	-0.3	-0.1	-0.4
44
Max Strus
2023 | SG
26	2272	78	89	87.6	197	563	35	71.3	31.3	11.3	-0.31	55.7	-2.4	53.5	12.8	9.2	1.4	0.8	3.4	4.2	2.8	0.7	0.2	1.1	14.9	26.6	2.5	78.3	4.6	6.1	-0.5	-0.5	-1
45
Derrick White
2023 | SG
28	2319	168	192	87.5	149	391	38.1	51.6	11.6	25.3	-0.19	60.4	2.3	56.0	11.9	6.1	3	0.8	3.8	4.6	5	0.8	1.2	1.5	15.9	32.9	4.9	78.3	7.4	8.3	0.9	1.8	2.7
46
Jayson Tatum
2023 | SF
24	2732	531	622	85.4	240	686	35	44	4	39.9	-0.83	60.7	2.6	54.3	20.6	9.1	8.3	1.1	7.6	8.6	4.5	1.1	0.7	2.9	29.4	49.6	8.7	78.2	5	7.4	4.4	0.5	4.9
47
Zach LaVine
2023 | SG
27	2768	363	428	84.8	204	544	37.5	39.2	-0.8	30.8	-0.87	60.7	2.6	55.8	18.1	7.1	5.6	0.5	4	4.5	4.3	0.9	0.2	2.6	25	43.1	7.3	78	4.9	5.4	1.9	-1	0.9
48
Coby White
2023 | PG
23	1730	61	70	87.1	128	344	37.2	57.9	17.9	11.8	-0.40	57.2	-0.9	55.1	12.2	7.1	1.4	0.3	4.1	4.4	4.2	1.1	0.2	1.5	14.7	30.3	3.9	77.9	5.9	6.2	0.4	-0.6	-0.2
49
Vlatko Cancar
2023 | PF
25	889	38	41	92.7	43	115	37.4	50.7	10.7	18.1	0.46	60.6	2.5	57.0	9.2	4.7	1.7	1	4.2	5.2	3.2	0.9	0.6	1.5	12.1	22.8	2.3	77.9	5.9	8.5	-1.5	-0.7	-2.2
50
Jordan Poole
2023 | SG
23	2458	361	415	87	214	637	33.6	49.8	9.8	32.5	0.20	57.3	-0.8	51.4	17.9	8.9	5.9	0.5	2.7	3.2	5.2	0.9	0.3	3.5	23.5	46.3	8.1	77.8	5.6	5.2	0	-1.2	-1.3
51
Saddiq Bey
2023 | SF
23	2129	205	238	86.1	151	418	36.1	50	10	28.5	-0.86	56.4	-1.7	51.3	13.8	6.9	3.9	1.7	4.4	6	2	1.1	0.2	1.2	17.6	27.7	2.4	77.8	2.9	5.2	0.7	-1.8	-1.2
52
Patrick Williams
2023 | SF
21	2323	90	105	85.7	115	277	41.5	40.9	0.9	15.5	-0.66	57.6	-0.5	54.9	10.5	4.3	1.7	1.2	3.9	5.1	1.6	1.1	1.1	1.6	12.9	19.7	1.1	77.7	1.9	4.4	-2	-0.4	-2.4
53
Gary Trent Jr.
2023 | SG
24	2118	172	205	83.9	166	450	36.9	48.1	8.1	21.9	-1.20	56	-2.1	52.2	15.8	7.7	3.5	0.5	2.4	2.9	1.8	1.8	0.2	0.9	19.4	30.2	2.6	77.7	2.7	5.7	0.3	-0.6	-0.2
54
Alec Burks
2023 | SG
31	1122	153	188	81.4	99	239	41.4	52.1	12.1	41	0.21	60.2	2.1	54.4	14.3	7.4	5.9	0.6	4.3	4.9	3.5	1.2	0.2	1.8	20.2	35.8	5.4	77.5	4.7	5.9	1.5	-0.5	1
55
Tobias Harris
2023 | PF
30	2436	113	129	87.6	126	324	38.9	38.3	-1.7	15.3	-0.74	60.2	2.1	57.5	12.9	5	2	1.1	5.5	6.5	2.9	1.1	0.6	1.4	16.6	27.1	3	77.4	4.5	6	0.5	0.6	1
56
Doug McDermott
2023 | SF
31	1314	53	70	75.7	123	298	41.3	57	17	13.4	0.30	59	0.9	57.5	13.7	7.8	1.8	0.6	3	3.6	2.4	0.4	0.2	1.5	17	27.8	3	77.4	3.5	4.9	-0.6	-2.4	-3
57
D'Angelo Russell
2023 | PG
26	2304	179	216	82.9	194	490	39.6	51.7	11.7	22.8	-0.75	60.5	2.4	57.2	14.6	7.6	3.3	0.5	2.8	3.3	6.8	1.1	0.5	2.9	19.5	43.4	8.6	77.3	7.4	6.7	0.7	-0.8	-0.1
58
Jevon Carter
2023 | PG
27	1810	31	38	81.6	142	337	42.1	59.6	19.6	6.7	0.21	56	-2.1	54.9	11	6.5	0.8	0.7	3.2	3.9	3.8	1.3	0.5	1.5	12.6	26.7	3.1	77.2	5.6	6	-1	0.6	-0.4
59
Kristaps Porzingis
2023 | C
27	2120	354	416	85.1	137	356	38.5	35	-5	40.9	0.39	62.7	4.6	56.5	17.4	6.1	7.1	2	7.4	9.3	3	1	1.7	2.3	25.7	38.7	5.7	77.1	4	6.8	2.2	0.8	3
60
Jalen Brunson
2023 | PG
26	2379	325	392	82.9	134	322	41.6	26.9	-13.1	32.8	-0.64	59.7	1.6	54.7	18.5	5	6.1	0.6	3.1	3.8	6.5	1	0.2	2.2	25.2	51.3	10.8	77.1	6.8	5.8	3.5	-1	2.5
61
Ty Jerome
2023 | PG
25	816	38	41	92.7	35	90	38.9	37.2	-2.8	16.9	-0.11	59.4	1.3	56.0	10.4	3.9	1.8	0.3	3.1	3.4	5.9	1	0.2	1.3	13.3	32.1	4.7	77	8.3	6.7	-0.7	-1	-1.7
62
Immanuel Quickley
2023 | PG
23	2344	203	248	81.9	168	454	37	48.5	8.5	26.5	-0.39	57.8	-0.3	53.7	14.6	7.1	3.9	0.9	4.4	5.3	4.4	1.3	0.2	1.6	18.9	36	5.2	76.9	5.5	6.6	1.5	0.8	2.3
63
Kendrick Nunn
2023 | PG
27	964	35	41	85.4	79	223	35.4	49.6	9.6	9.1	-0.47	53	-5.1	51.2	16.2	8	1.5	0.5	3.4	3.9	3.2	1	0.2	2.4	17.9	34.1	4.1	76.9	3.5	1.8	-0.8	-1.2	-2
64
Khris Middleton
2023 | SF
31	801	92	102	90.2	51	162	31.5	39.9	-0.1	25.1	0.12	55.1	-3	49.9	17.3	6.9	4.4	1.2	4.7	5.9	6.9	1	0.2	3	21.1	50.4	9.2	76.8	7.7	7.6	1.6	0.3	1.9
65
Austin Reaves
2023 | SG
24	1843	229	265	86.4	86	216	39.8	44.1	4.1	54.1	-0.83	68.7	10.6	61.6	9.2	4.1	5	0.6	3	3.7	4.1	0.6	0.4	1.9	15.7	28.3	4.2	76.8	6.4	7.3	0.8	-0.3	0.5
66
Karl-Anthony Towns
2023 | C
27	957	118	135	87.4	60	164	36.6	38.3	-1.7	31.5	1.24	61.8	3.7	56.5	15.7	6	5	1.7	6.9	8.6	5.1	0.8	0.6	3.2	22.1	41.6	7.6	76.7	6.1	8.2	1.7	0.9	2.6
67
Sam Hauser
2023 | PF
25	1290	12	17	70.6	140	335	41.8	84.6	44.6	4.3	-0.17	63.4	5.3	63.1	10.9	9.2	0.5	1	4.7	5.6	2	0.8	0.6	0.8	14	21.2	1.7	76.7	3.9	6.1	0.2	-0.4	-0.2
68
Kevin Love
2023 | PF
34	1240	80	91	87.9	99	296	33.4	69.8	29.8	21.5	-0.12	54.8	-3.3	50.6	12.4	8.6	2.6	1.7	10	11.7	3.4	0.5	0.4	2	14.9	29.3	3.3	76.6	5	7.3	0.1	0.5	0.5
69
Kentavious Caldwell-Pope
2023 | SG
29	2381	103	125	82.4	135	319	42.3	50.5	10.5	19.8	-0.75	59.8	1.7	56.9	9.5	4.8	1.9	0.5	2.6	3.2	2.8	1.7	0.5	1.3	12.4	22.3	2.1	76.6	5	6.4	0.1	0.9	0.9
70
Jrue Holiday
2023 | PG
32	2183	152	177	85.9	158	411	38.4	40.2	0.2	17.3	-1.02	58.6	0.5	55.6	16.4	6.5	2.9	1.3	4.2	5.5	7.9	1.3	0.4	3.2	20.6	50.8	10.9	76.6	8	7.4	2.7	1.8	4.5
71
Norman Powell
2023 | SG
29	1567	225	277	81.2	114	287	39.7	40.4	0.4	39	-0.07	61.2	3.1	55.9	16.1	6.5	6.2	0.5	3.4	4	2.5	1.1	0.4	2.3	23	35.3	4.7	76.5	2.8	5.2	0	-1.3	-1.3
72
Trae Young
2023 | PG
24	2541	566	639	88.6	154	460	33.5	33.1	-6.9	46	-1.46	57.3	-0.8	48.5	18.8	6.2	8.6	0.8	2.2	2.9	10.1	1.1	0.2	4.1	26	67	15.9	76.4	8.5	5.7	4.3	-1.9	2.4
73
Keegan Murray
2023 | PF
22	2382	62	81	76.5	206	501	41.1	64.1	24.1	10.4	-0.49	59.7	1.6	58.4	11.7	7.5	1.2	1.4	4.2	5.6	1.4	0.9	0.6	0.9	14.6	20.8	1.2	76.4	2.5	6.7	-0.3	-0.6	-0.9
74
Patty Mills
2023 | PG
34	567	25	30	83.3	49	134	36.6	64.1	24.1	14.4	-0.91	55.4	-2.7	52.9	12.8	8.2	1.9	0.5	2.2	2.7	3.5	0.9	0.2	1.9	15.1	30.1	3.6	76.4	4.3	5.8	-0.4	-1.7	-2.1
75
Cam Thomas
2023 | SG
21	948	151	174	86.8	51	133	38.3	29.2	-10.8	38.2	-0.85	56.7	-1.4	49.7	17.1	5	6.5	0.3	3.3	3.6	2.9	0.8	0.3	2.4	22.7	38.1	5	76.2	3.3	3.4	0	-1.8	-1.9
76
O.G. Anunoby
2023 | SF
25	2386	140	167	83.8	142	367	38.7	41.5	1.5	18.9	0.08	58.6	0.5	55.6	13.6	5.6	2.6	1.4	3.7	5.1	2	2	0.8	2	17.3	26.4	2.5	76.2	2.3	4.6	-0.4	1.1	0.7
77
Terence Davis
2023 | SG
25	841	34	43	79.1	89	243	36.6	66.8	26.8	11.8	1.51	56.3	-1.8	54.5	15.1	10.1	1.8	0.8	5	5.8	2.8	1.8	0.5	2.2	17.9	30.9	3.6	76.2	3.3	5.2	-0.1	0.4	0.4
78
Mike Conley
2023 | PG
35	2029	141	169	83.4	135	351	38.5	57.5	17.5	27.7	-0.47	58.3	0.2	53.9	10.8	6.2	3	0.6	2.6	3.2	8	1.3	0.2	1.8	14.2	39.6	6.9	76.1	9.3	8.5	1.1	0.5	1.6
79
Cole Anthony
2023 | PG
22	1552	152	170	89.4	75	206	36.4	33.8	-6.2	27.9	0.73	57	-1.1	51.6	14.2	4.8	4	1.1	5.6	6.7	5.5	0.8	0.8	2.1	18.2	38.5	6.1	76	6.5	5.7	0.6	-0.5	0.1
80
Donte DiVincenzo
2023 | SG
26	1894	58	71	81.7	150	378	39.7	70	30	13.1	-0.41	59.3	1.2	57.4	9.8	6.9	1.3	1.4	4.5	5.9	4.6	1.8	0.2	2	12.4	28.1	3.8	75.8	7.1	8.1	-0.4	0.7	0.3
81
Jordan Nwora
2023 | PF
24	1188	68	86	79.1	86	211	40.8	47.4	7.4	19.3	-0.70	56.1	-2	53.3	13	6.2	2.5	1.5	5.2	6.7	2.6	0.7	0.4	2	15.8	27.5	2.9	75.8	3.5	6.5	-1.3	-1.8	-3.2
82
Reggie Jackson
2023 | PG
32	1657	71	78	91	96	288	33.3	45	5	12.2	-0.46	51.4	-6.7	48.6	14.1	6.4	1.7	0.5	2.6	3.2	5.2	1.1	0.2	2.6	15.3	35.4	4.8	75.8	5.9	5.1	-1.6	-0.1	-1.7
83
Kelly Olynyk
2023 | C
31	1942	198	232	85.3	93	236	39.4	42.4	2.4	41.7	1.36	64.3	6.2	58.3	10.3	4.4	4.3	1.5	6.2	7.7	4.7	1.1	0.7	3.1	15.6	30.6	5	75.6	6.1	7.6	0	0.5	0.5
84
Taurean Prince
2023 | SF
28	1192	65	77	84.4	74	194	38.1	51.2	11.2	20.3	0.78	59.7	1.6	56.5	11	5.6	2.3	0.5	3.4	3.8	2.4	0.8	0.5	2	14.3	23.9	2.3	75.5	3.3	6.8	-1.2	-0.5	-1.8
85
Malik Beasley
2023 | SG
26	2093	50	65	76.9	235	658	35.7	70.2	30.2	6.9	-1.10	53.1	-5	52.0	15.8	11.1	1.1	0.6	4.2	4.7	2.1	1.1	0.2	1.5	17.3	28.6	2.4	75.4	2.6	4.5	-0.3	-1.5	-1.9
86
Tim Hardaway Jr.
2023 | SG
30	2152	127	165	77	212	550	38.5	64.9	24.9	19.5	-0.93	55.4	-2.7	52.7	14.6	9.5	2.9	0.4	4	4.3	2.2	0.8	0.2	1.1	17.5	28.4	2.6	75.4	3.3	6	0.8	-0.4	0.4
87
Lonnie Walker IV
2023 | SG
24	1297	91	106	85.8	91	249	36.5	47.2	7.2	20.1	-0.97	57	-1.1	53.4	14.1	6.7	2.9	0.4	2.6	2.9	1.7	0.8	0.5	1.2	17.5	26.6	2.1	75.2	2.2	2.9	-1.2	-2	-3.2
88
Josh Richardson
2023 | SF
29	1530	69	81	85.2	107	293	36.5	52.9	12.9	14.6	-0.18	55.5	-2.6	52.8	12.7	6.7	1.9	1	3.1	4	4	1.6	0.5	2	14.9	30.6	3.8	75.1	5.6	7.5	-0.7	-0.1	-0.8
89
Devin Booker
2023 | SG
26	1835	306	358	85.5	111	316	35.1	29.6	-10.4	33.6	0.18	60.1	2	54.6	21.1	6.2	7.1	0.9	3.8	4.7	5.8	1	0.4	2.9	29	53.7	10.5	75.1	6.3	5.8	4.1	-0.7	3.3
90
Brandon Ingram
2023 | SF
25	1538	240	272	88.2	64	164	39	19.6	-20.4	32.6	-0.22	58.2	0.1	52.2	19.7	3.9	6.5	0.5	5.3	5.9	6.2	0.8	0.5	3.5	26.3	52.3	10.7	75.1	6.5	5.1	1.8	-0.6	1.2
91
Max Christie
2023 | SG
19	512	14	16	87.5	26	62	41.9	58.5	18.5	15.1	-0.62	56.6	-1.5	53.8	7.2	4.2	1.1	0.5	4.6	5.1	1.4	0.6	0.5	0.9	8.7	13.8	0.1	75	2.8	4.2	-2.3	0	-2.3
92
Eric Gordon
2023 | SG
34	1965	142	173	82.1	132	356	37.1	54.5	14.5	26.5	-1.51	58.7	0.6	54.7	11.7	6.4	3.1	0.3	2.1	2.4	3.3	0.8	0.5	1.9	15.3	28.4	3.4	75	4.7	5.5	-0.1	-1.2	-1.3
93
CJ McCollum
2023 | SG
31	2649	183	238	76.9	211	543	38.9	40.4	0.4	17.7	-0.86	54.1	-4	51.5	18.3	7.4	3.2	0.8	3.8	4.5	5.9	1	0.5	2.5	21.4	46	8.1	74.9	6.7	5.1	1.5	-1.4	0.2
94
Mike Muscala
2023 | C
31	945	40	52	76.9	81	207	39.1	70.9	30.9	17.8	0.80	60.8	2.7	58.7	10.7	7.5	1.9	1.4	6.1	7.4	1.8	0.5	0.9	0.8	14	21.4	1.5	74.9	3.6	6.6	0.1	0.7	0.8
95
Chris Paul
2023 | PG
37	1889	133	160	83.1	98	261	37.5	39.1	-0.9	24	-0.54	55.5	-2.6	51.3	13.1	5.1	3.2	0.5	4.4	4.9	10.2	1.8	0.5	2.3	16	50	9.9	74.7	10	9.2	1.7	1.1	2.9
96
Kyle Lowry
2023 | PG
36	1718	116	135	85.9	107	310	34.5	63.9	23.9	27.8	0.06	56.5	-1.6	51.4	10.4	6.7	2.9	0.9	3.9	4.9	6.1	1.2	0.5	2.3	13.3	33.7	5	74.7	7.6	7.5	-0.1	1	0.9
97
Devin Vassell
2023 | SG
22	1178	78	100	78	103	266	38.7	44.7	4.7	16.8	-1.20	55	-3.1	52.5	17.6	7.8	2.9	0.2	4.1	4.4	4	1.3	0.5	1.7	20.7	39.3	5.7	74.7	5.3	5	0.2	-0.5	-0.3
98
Gabe Vincent
2023 | SG
26	1759	68	78	87.2	117	350	33.4	61.7	21.7	13.8	0.21	53.3	-4.8	50.5	11.9	7.3	1.7	0.6	2.5	3	3.5	1.3	0.1	2	13.4	27.3	2.8	74.4	5	4.9	-1.3	0.1	-1.2
99
Dario Saric
2023 | PF
28	806	63	76	82.9	45	115	39.1	41.5	1.5	27.4	1.48	58.3	0.2	54.0	12.2	5.1	3.4	2.3	6.8	9.2	3.3	0.9	0.3	2.4	16	28.9	3.6	74.4	4.4	7.5	-0.5	0	-0.5
100
Aaron Nesmith
2023 | SF
23	1816	119	142	83.8	115	314	36.6	53.2	13.2	24.1	1.72	56.6	-1.5	52.5	11.5	6.1	2.8	1.2	4.2	5.4	1.9	1.1	0.7	1.4	14.3	22.8	1.7	74	2.7	4	-1	-0.2	-1.2
