1	Shai Gilgeous-Alexander	26	OKC	PG	48	48	34.1	11.6	21.6	.535	2.0	5.7	.352	9.6	16.0	.601	.581	7.7	8.5	.900	0.9	4.4	5.3	6.0	2.0	1.0	2.7	2.2	32.8	
2	Giannis Antetokounmpo	30	MIL	PF	41	41	34.9	12.7	20.9	.608	0.1	0.8	.188	12.6	20.1	.624	.611	6.2	10.7	.577	2.3	9.9	12.2	5.9	0.8	1.3	3.4	2.4	31.8	
3	Nikola Jokić	29	DEN	C	46	46	36.2	11.3	19.7	.572	2.1	4.5	.462	9.2	15.2	.604	.624	5.0	6.2	.814	3.0	9.7	12.7	10.3	1.8	0.7	3.1	2.1	29.7	
4	LaMelo Ball	23	CHO	PG	31	31	33.3	9.7	23.3	.419	4.1	12.3	.337	5.6	11.0	.510	.508	4.5	5.5	.820	1.0	4.3	5.3	7.3	1.4	0.3	3.7	3.5	28.2	
5	Luka Dončić	25	DAL	PG	22	22	35.7	9.8	21.2	.464	3.4	9.6	.354	6.4	11.5	.555	.544	5.1	6.6	.767	0.7	7.6	8.3	7.8	2.0	0.4	3.4	2.6	28.1	
6	Tyrese Maxey	24	PHI	PG	43	43	38.0	9.7	21.8	.444	3.3	9.7	.345	6.3	12.1	.523	.520	5.2	5.9	.875	0.3	3.2	3.4	6.2	1.9	0.4	2.4	2.3	27.9	
7	Anthony Edwards	23	MIN	SG	51	51	36.7	9.1	20.5	.446	4.2	9.9	.421	5.0	10.6	.470	.547	4.8	5.7	.844	0.8	5.0	5.8	4.5	1.1	0.7	3.5	2.0	27.2	
8	Kevin Durant	36	PHO	PF	39	39	36.2	9.8	18.6	.524	2.4	5.9	.398	7.4	12.7	.583	.587	5.0	6.1	.827	0.4	5.7	6.1	4.2	0.8	1.3	3.0	1.7	26.9	
9	Jayson Tatum	26	BOS	PF	49	49	36.3	8.9	19.8	.451	3.6	10.0	.357	5.4	9.8	.548	.541	5.2	6.4	.801	0.6	8.0	8.7	5.7	1.2	0.5	2.9	2.2	26.6	
10	Jalen Brunson	28	NYK	PG	50	50	35.3	9.0	18.4	.489	2.3	5.8	.397	6.7	12.6	.532	.552	5.7	7.0	.813	0.4	2.5	2.9	7.5	1.0	0.1	2.4	2.2	26.1	
11	Devin Booker	28	PHO	SG	45	45	36.9	8.4	18.7	.450	2.6	7.7	.342	5.8	11.0	.526	.521	6.5	7.2	.893	0.9	3.0	4.0	6.6	1.1	0.3	2.7	2.4	26.0	
12	Anthony Davis	31	LAL	C	42	42	34.3	9.5	18.0	.528	0.7	2.2	.298	8.9	15.8	.560	.546	6.0	7.6	.788	2.8	9.0	11.9	3.4	1.3	2.1	2.2	2.0	25.7	
13	Cade Cunningham	23	DET	PG	47	47	35.7	9.6	21.1	.453	2.3	6.4	.354	7.3	14.7	.496	.507	4.2	4.9	.845	0.9	5.4	6.3	9.4	1.0	0.7	4.4	2.7	25.6	
14	Damian Lillard	34	MIL	PG	41	41	36.3	7.7	17.3	.447	3.4	8.9	.379	4.4	8.4	.519	.544	6.3	6.8	.921	0.5	4.0	4.6	7.4	1.2	0.2	2.8	1.8	25.1	
15	De'Aaron Fox	27	2TM	PG	46	46	37.0	9.2	19.7	.470	2.0	6.4	.321	7.2	13.3	.541	.522	4.4	5.3	.829	1.0	4.0	5.0	6.3	1.5	0.4	2.9	2.6	25.0	
16	De'Aaron Fox	27	SAC	PG	45	45	37.0	9.2	19.6	.469	2.0	6.4	.322	7.2	13.3	.539	.521	4.5	5.5	.829	1.0	4.0	5.0	6.1	1.5	0.4	3.0	2.6	25.0	
17	De'Aaron Fox	27	SAS	PG	1	1	37.0	11.0	22.0	.500	2.0	7.0	.286	9.0	15.0	.600	.545	0.0	0.0		1.0	4.0	5.0	13.0	3.0	0.0	1.0	3.0	24.0	
18	Franz Wagner	23	ORL	SF	33	33	32.8	8.8	19.2	.460	2.0	6.4	.319	6.8	12.9	.529	.513	5.1	5.8	.874	0.9	4.4	5.4	5.1	1.5	0.5	2.2	2.5	24.8	
19	Joel Embiid	30	PHI	C	14	14	29.9	7.9	17.3	.459	1.2	3.8	.321	6.7	13.5	.497	.494	7.6	8.6	.884	1.9	6.3	8.1	4.3	0.9	0.9	3.3	2.2	24.7	
20	Cam Thomas	23	BRK	SG	19	17	32.3	7.9	17.7	.448	2.8	7.6	.375	5.1	10.2	.503	.528	5.9	6.8	.876	0.5	3.1	3.6	3.4	0.7	0.1	2.7	1.9	24.7	
21	Victor Wembanyama	21	SAS	C	42	42	33.0	9.0	18.8	.478	3.2	8.9	.358	5.8	9.9	.586	.563	3.5	4.1	.839	1.8	9.1	10.9	3.6	1.1	3.9	3.4	2.3	24.6	
22	LeBron James	40	LAL	SF	46	46	34.7	9.4	18.2	.516	2.2	5.6	.391	7.2	12.7	.570	.575	3.5	4.6	.767	0.9	6.9	7.8	9.0	0.9	0.5	3.8	1.4	24.5	
23	Kyrie Irving	32	DAL	SG	41	41	36.2	8.9	18.6	.479	2.9	7.1	.412	6.0	11.5	.520	.558	3.6	4.0	.903	1.1	3.6	4.7	4.8	1.3	0.3	2.3	2.0	24.4	
24	Karl-Anthony Towns	29	NYK	C	46	46	34.7	8.8	16.5	.532	2.0	4.6	.423	6.8	11.9	.575	.592	4.8	5.7	.840	3.2	10.4	13.6	3.3	1.0	0.8	2.5	3.5	24.3	
25	Tyler Herro	25	MIA	SG	48	48	35.5	8.3	17.6	.469	3.8	9.7	.393	4.5	7.9	.563	.577	3.6	4.1	.859	0.4	5.3	5.6	5.5	0.7	0.1	2.6	1.4	23.9	
26	Norman Powell	31	LAC	SG	42	42	33.3	8.3	16.8	.496	3.4	7.9	.431	4.9	8.9	.553	.597	3.9	4.7	.818	0.4	3.2	3.6	2.2	1.3	0.2	2.0	1.9	23.9	
27	Donovan Mitchell	28	CLE	SG	48	48	31.3	8.4	18.6	.451	3.7	9.3	.395	4.7	9.3	.507	.549	3.4	4.1	.837	0.7	3.8	4.4	4.7	1.4	0.2	2.0	2.0	23.8	
28	Zach LaVine	29	2TM	SF	44	44	34.1	8.5	16.9	.505	3.2	7.2	.437	5.4	9.6	.557	.599	3.5	4.4	.797	0.3	4.4	4.7	4.4	0.9	0.3	2.8	1.5	23.7	
29	Zach LaVine	29	CHI	SF	42	42	34.1	8.6	16.9	.511	3.2	7.3	.446	5.4	9.6	.560	.607	3.5	4.3	.797	0.3	4.5	4.8	4.5	0.9	0.2	2.9	1.5	24.0	
30	Zach LaVine	29	SAC	SG	2	2	33.5	6.0	16.0	.375	1.5	6.5	.231	4.5	9.5	.474	.422	4.0	5.0	.800	0.0	2.5	2.5	2.0	0.5	0.5	0.5	1.5	17.5	
31	Jaren Jackson Jr.	25	MEM	C	49	49	29.6	8.4	16.9	.499	2.0	5.4	.370	6.4	11.5	.560	.559	4.5	5.8	.784	1.4	4.7	6.1	2.2	1.3	1.6	2.2	3.3	23.4	
32	Zion Williamson	24	NOP	PF	15	15	28.4	8.9	17.1	.518	0.1	0.7	.182	8.7	16.4	.533	.521	5.4	8.3	.648	2.9	4.9	7.9	4.9	1.2	1.1	3.1	2.7	23.3	
33	Jaylen Brown	28	BOS	SF	45	45	35.4	8.6	18.6	.462	2.0	6.0	.327	6.6	12.6	.527	.516	4.0	5.4	.744	1.4	4.7	6.1	4.8	1.2	0.3	2.6	2.6	23.2	
34	Trae Young	26	ATL	PG	47	47	36.1	7.1	17.5	.406	2.9	8.6	.341	4.2	8.9	.469	.490	6.1	7.1	.856	0.5	2.7	3.2	11.5	1.3	0.2	4.7	2.0	23.2	
35	Stephen Curry	36	GSW	PG	42	42	32.0	7.6	17.7	.431	4.2	10.9	.389	3.4	6.8	.500	.551	3.2	3.4	.944	0.5	4.0	4.5	6.1	1.1	0.5	2.9	1.3	22.7	
36	Trey Murphy III	24	NOP	SF	35	33	35.3	7.7	16.1	.475	3.3	8.6	.383	4.4	7.5	.580	.577	4.1	4.6	.894	0.9	4.1	5.0	3.2	1.2	0.8	1.6	2.3	22.7	
37	Paolo Banchero	22	ORL	PF	19	19	33.4	7.9	18.6	.428	1.5	5.3	.290	6.4	13.3	.482	.469	4.9	7.7	.633	1.2	6.0	7.2	4.9	0.7	0.8	3.1	2.2	22.3	
38	Brandon Ingram	27	NOP	SF	18	18	33.1	8.6	18.5	.465	2.4	6.4	.374	6.2	12.1	.514	.530	2.6	3.1	.855	0.9	4.6	5.6	5.2	0.9	0.6	3.8	2.5	22.2	
39	CJ McCollum	33	NOP	PG	38	38	33.4	8.2	18.4	.448	3.1	8.2	.375	5.2	10.2	.506	.531	2.4	3.4	.721	0.7	2.9	3.6	3.8	0.8	0.5	1.7	2.3	22.0	
40	Darius Garland	25	CLE	PG	49	49	30.3	7.8	15.7	.499	3.0	6.9	.429	4.8	8.7	.555	.595	3.2	3.7	.878	0.6	2.0	2.5	6.8	1.1	0.2	2.5	2.1	21.8	
41	DeMar DeRozan	35	SAC	SF	46	46	35.8	8.1	16.6	.487	0.9	2.7	.328	7.2	13.9	.518	.514	4.6	5.4	.859	0.5	3.2	3.7	3.7	1.1	0.5	1.3	2.0	21.7	
42	RJ Barrett	24	TOR	SF	41	41	33.3	8.1	17.3	.470	1.8	5.2	.349	6.3	12.0	.522	.523	3.5	5.4	.655	1.0	5.6	6.6	5.7	0.8	0.3	3.0	2.6	21.6	
43	Jalen Green	22	HOU	SG	51	51	33.2	7.5	17.6	.427	2.8	8.1	.350	4.7	9.5	.493	.508	3.5	4.1	.862	0.6	3.8	4.4	2.9	0.9	0.3	2.5	1.6	21.5	
44	James Harden	35	LAC	PG	48	48	33.9	6.2	15.8	.395	2.8	8.1	.344	3.4	7.6	.450	.483	6.1	6.8	.893	0.6	5.1	5.8	8.4	1.5	0.6	4.5	2.1	21.3	
45	Brandon Miller	22	CHO	SF	27	27	34.2	7.3	18.2	.403	3.9	10.9	.355	3.5	7.3	.475	.509	2.5	2.9	.861	0.9	3.9	4.9	3.6	1.1	0.7	2.8	2.7	21.0	
46	Jalen Williams	23	OKC	SG	46	46	32.7	8.1	17.1	.475	1.7	5.0	.346	6.4	12.1	.528	.525	3.0	3.9	.781	0.8	4.7	5.5	5.1	1.8	0.7	2.2	2.5	21.0	
47	Ja Morant	25	MEM	PG	30	30	28.4	7.1	15.7	.453	1.6	4.9	.327	5.5	10.8	.511	.504	4.9	6.0	.816	0.6	3.5	4.2	7.5	1.3	0.3	3.9	1.9	20.7	
48	Pascal Siakam	30	IND	PF	50	50	33.1	8.0	15.0	.534	1.8	4.2	.415	6.3	10.8	.581	.593	2.9	3.8	.763	1.8	5.6	7.4	3.4	0.9	0.5	1.3	2.6	20.7	
49	Domantas Sabonis	28	SAC	C	48	48	36.0	7.9	13.3	.599	1.1	2.4	.462	6.8	10.8	.630	.642	3.4	4.4	.769	4.0	10.3	14.3	6.3	0.6	0.4	3.0	3.5	20.4	
50	Jordan Poole	25	WAS	SG	43	43	31.0	6.5	15.8	.413	3.6	9.2	.388	3.0	6.7	.448	.526	3.7	4.2	.867	0.5	2.6	3.1	4.9	1.5	0.5	3.3	3.2	20.3	
51	Jamal Murray	27	DEN	PG	45	45	36.0	7.5	16.3	.462	2.0	5.5	.357	5.6	10.8	.515	.522	3.1	3.6	.875	0.6	3.4	4.0	6.1	1.4	0.6	2.2	1.8	20.2	
52	Scottie Barnes	23	TOR	PF	38	38	34.4	7.6	16.9	.447	1.3	5.0	.265	6.3	12.0	.523	.486	3.5	4.5	.772	1.6	6.3	7.8	6.4	1.4	1.0	3.0	2.1	19.9	
53	Nikola Vučević	34	CHI	C	51	51	32.3	8.0	14.6	.546	1.8	4.6	.394	6.2	10.0	.617	.609	1.7	2.1	.807	2.4	8.0	10.4	3.5	0.9	0.7	1.6	2.4	19.5	
54	Miles Bridges	26	CHO	PF	34	34	31.9	7.1	16.4	.435	2.0	6.7	.293	5.2	9.7	.533	.495	3.2	3.6	.871	1.0	6.7	7.7	3.9	0.6	0.6	2.0	1.6	19.4	
55	Cameron Johnson	28	BRK	PF	36	36	32.1	6.4	13.1	.488	3.2	7.7	.417	3.2	5.5	.589	.610	3.3	3.7	.902	0.7	3.3	4.0	2.9	0.8	0.5	1.7	1.8	19.3	
56	Lauri Markkanen	27	UTA	PF	37	37	31.9	6.2	14.7	.424	3.0	8.5	.352	3.2	6.2	.522	.526	3.8	4.5	.861	1.7	4.5	6.2	1.7	0.7	0.4	1.4	1.8	19.3	
57	Alperen Şengün	22	HOU	C	48	48	31.4	7.6	15.5	.491	0.3	1.4	.235	7.3	14.0	.516	.501	3.7	5.2	.701	3.5	7.1	10.6	5.0	1.3	0.8	2.4	2.8	19.2	
58	Kristaps Porziņģis	29	BOS	C	27	27	28.6	6.4	13.6	.471	2.4	6.0	.405	4.0	7.6	.525	.561	3.9	4.7	.833	1.6	5.4	7.0	2.0	0.8	1.6	1.0	2.8	19.1	
59	De'Andre Hunter	27	ATL	SF	37	4	28.8	6.1	13.3	.461	2.6	6.7	.393	3.5	6.6	.531	.560	4.1	4.8	.858	0.7	3.2	3.9	1.5	0.8	0.1	1.6	2.4	19.0	
60	Michael Porter Jr.	26	DEN	SF	52	52	33.3	7.2	13.7	.523	2.7	6.4	.417	4.5	7.3	.616	.621	1.9	2.6	.743	1.7	4.8	6.5	2.2	0.6	0.5	1.4	1.8	19.0	
61	Jalen Johnson	23	ATL	SF	36	36	35.7	7.5	15.1	.500	1.2	3.9	.312	6.3	11.1	.566	.541	2.6	3.5	.746	1.7	8.3	10.0	5.0	1.6	1.0	2.9	1.9	18.9	
62	Julius Randle	30	MIN	PF	48	48	32.6	6.6	14.0	.470	1.5	4.6	.321	5.1	9.4	.542	.522	4.2	5.2	.811	2.1	5.0	7.2	4.5	0.7	0.2	2.8	2.5	18.9	
63	Austin Reaves	26	LAL	SG	44	44	34.7	6.1	13.7	.444	2.5	7.0	.361	3.5	6.7	.532	.537	3.8	4.5	.853	0.8	3.5	4.3	6.1	1.1	0.2	2.5	2.0	18.5	
64	Coby White	24	CHI	SG	45	45	32.6	6.2	14.3	.436	3.1	8.2	.375	3.2	6.2	.516	.543	3.0	3.3	.893	0.3	3.0	3.3	4.6	0.9	0.2	2.4	2.3	18.5	
65	Anfernee Simons	25	POR	SG	48	48	32.3	6.5	15.3	.425	3.0	8.1	.377	3.5	7.2	.478	.525	2.4	2.7	.898	0.3	2.4	2.8	5.0	0.8	0.1	2.1	1.8	18.4	
66	Evan Mobley	23	CLE	PF	45	45	30.0	7.0	12.4	.565	1.1	2.8	.394	5.9	9.6	.616	.610	3.1	4.1	.761	2.1	6.9	9.0	2.9	0.8	1.5	1.9	2.0	18.3	
67	Collin Sexton	26	UTA	SG	46	44	28.5	6.5	13.6	.478	1.9	4.6	.412	4.6	9.0	.511	.547	3.5	3.9	.894	1.1	1.8	2.9	4.1	0.7	0.1	2.5	2.3	18.3	
68	Mikal Bridges	28	NYK	SF	51	51	38.3	7.5	15.1	.494	2.4	6.6	.360	5.1	8.4	.600	.573	0.9	1.2	.742	0.9	2.2	3.1	3.3	1.0	0.5	1.6	1.5	18.2	
69	John Collins	27	UTA	PF	32	23	29.9	6.7	12.6	.532	1.4	3.3	.442	5.3	9.4	.563	.589	3.3	3.8	.868	2.2	6.0	8.2	2.3	1.0	1.0	2.7	3.0	18.2	
70	Malik Monk	26	SAC	SG	43	30	32.1	6.6	14.9	.446	2.3	6.8	.330	4.4	8.0	.545	.522	2.6	3.0	.874	0.4	3.4	3.8	5.7	1.0	0.6	2.1	2.7	18.1	
71	Desmond Bane	26	MEM	SG	40	39	30.1	6.8	13.7	.498	2.2	5.6	.384	4.7	8.1	.577	.577	2.1	2.5	.859	1.0	4.7	5.7	5.5	1.2	0.4	2.5	2.4	17.9	
72	Tyrese Haliburton	24	IND	PG	49	49	34.0	6.1	13.7	.448	2.9	7.8	.365	3.3	5.8	.561	.553	2.7	3.2	.845	0.6	3.0	3.6	8.5	1.3	0.7	1.8	1.3	17.8	
73	Jaden Ivey	22	DET	SG	30	30	29.9	6.3	13.8	.460	2.1	5.1	.409	4.2	8.6	.490	.536	2.8	3.9	.733	1.3	2.8	4.1	4.0	0.9	0.4	3.0	2.2	17.6	
74	Andrew Wiggins	29	GSW	SF	43	43	30.1	6.1	13.7	.444	2.2	5.8	.379	3.9	7.9	.491	.524	3.2	4.2	.777	1.5	3.0	4.6	2.3	0.9	0.8	1.3	1.6	17.6	
75	Dejounte Murray	28	NOP	PG	31	31	32.6	6.3	15.9	.393	1.7	5.6	.299	4.6	10.3	.444	.445	3.3	4.0	.823	0.5	5.9	6.5	7.4	2.0	0.4	3.4	2.0	17.5	
76	Bradley Beal	31	PHO	SG	37	23	32.4	6.6	13.3	.495	2.0	5.1	.401	4.5	8.2	.553	.571	2.2	2.7	.810	0.7	2.7	3.4	3.4	1.1	0.6	2.0	2.6	17.4	
77	Shaedon Sharpe	21	POR	SG	44	31	30.5	6.4	14.4	.446	2.0	6.1	.319	4.5	8.3	.540	.513	2.6	3.2	.807	0.7	3.1	3.8	2.4	0.8	0.2	1.9	1.8	17.4	
78	Jimmy Butler	35	MIA	PF	25	25	30.6	5.7	10.5	.540	0.5	1.4	.361	5.2	9.1	.568	.565	5.2	6.4	.801	2.2	3.0	5.2	4.8	1.1	0.4	1.2	0.9	17.0	
79	Paul George	34	PHI	PF	31	31	32.0	6.2	14.5	.425	2.5	6.6	.369	3.7	7.8	.473	.510	2.1	2.5	.823	0.6	4.8	5.5	4.6	1.7	0.4	2.7	2.5	16.9	
80	Jonathan Kuminga	22	GSW	PF	32	10	26.0	6.1	13.2	.459	1.3	3.6	.345	4.8	9.6	.502	.506	3.4	5.3	.639	1.4	3.6	5.0	2.2	0.9	0.6	1.6	1.9	16.8	
81	Jordan Clarkson	32	UTA	SG	27	4	25.9	5.6	13.4	.418	2.2	6.0	.373	3.4	7.4	.455	.501	3.2	3.9	.829	0.6	2.6	3.2	3.8	0.9	0.3	2.2	1.5	16.6	
82	Bam Adebayo	27	MIA	C	48	48	33.9	6.4	13.5	.471	0.7	2.5	.287	5.6	11.0	.513	.498	2.9	4.0	.722	2.6	7.4	10.0	4.6	1.3	0.8	2.3	2.1	16.4	
83	OG Anunoby	27	NYK	PF	49	49	36.3	6.2	12.8	.482	2.1	5.8	.365	4.1	7.0	.577	.564	1.9	2.4	.792	1.3	3.4	4.7	2.0	1.4	0.9	1.3	2.3	16.4	
84	Keyonte George	21	UTA	PG	39	32	31.3	5.4	13.6	.394	2.6	7.6	.341	2.8	6.0	.462	.490	3.1	3.9	.801	0.4	3.2	3.6	5.8	0.8	0.2	2.8	1.8	16.4	
85	Chet Holmgren	22	OKC	C	10	10	26.5	5.6	11.1	.505	1.4	3.7	.378	4.2	7.4	.568	.568	3.8	4.9	.776	1.6	7.1	8.7	2.0	0.8	2.6	2.3	1.8	16.4	
86	Bennedict Mathurin	22	IND	SF	48	43	31.6	5.8	12.2	.474	1.5	4.2	.353	4.3	8.0	.536	.534	3.3	4.1	.810	1.3	4.5	5.8	1.9	0.6	0.4	1.9	2.5	16.4	
87	Kawhi Leonard	33	LAC	SF	13	13	25.0	6.5	14.1	.464	1.6	4.5	.362	4.9	9.6	.512	.522	1.5	1.9	.760	0.6	3.9	4.5	2.5	0.8	0.5	1.9	1.1	16.2	
88	Jalen Suggs	23	ORL	PG	35	35	28.6	5.6	13.7	.410	2.2	6.9	.314	3.5	6.8	.506	.489	2.8	3.1	.882	0.7	3.4	4.0	3.7	1.5	0.9	2.9	2.8	16.2	
89	Devin Vassell	24	SAS	SG	33	22	30.2	6.2	14.2	.435	2.3	6.5	.350	3.9	7.7	.506	.515	1.6	2.1	.757	0.6	3.0	3.6	3.1	1.2	0.5	1.6	1.6	16.2	
90	Derrick White	30	BOS	SG	49	49	33.6	5.5	12.5	.441	3.3	8.8	.380	2.2	3.7	.588	.575	1.7	2.1	.822	0.9	3.3	4.2	4.1	0.9	1.2	1.6	1.9	16.1	
91	Malik Beasley	28	DET	SG	51	11	27.7	5.6	13.0	.430	3.7	9.2	.408	1.8	3.8	.482	.574	1.1	1.6	.675	0.5	2.3	2.9	1.8	0.9	0.0	1.1	1.5	16.0	
92	Gradey Dick	21	TOR	SG	44	44	29.9	5.3	12.8	.417	2.2	6.4	.346	3.1	6.5	.486	.503	2.7	3.0	.888	0.8	2.6	3.3	2.0	0.8	0.2	1.6	2.3	15.6	
93	Mark Williams	23	CHO	C	23	20	25.0	6.1	10.4	.586	0.0	0.0	.000	6.1	10.3	.588	.586	3.4	4.3	.780	3.3	6.3	9.6	2.5	0.7	1.2	1.0	2.6	15.6	
94	Jared McCain	20	PHI	SG	23	8	25.7	5.5	11.9	.460	2.2	5.8	.383	3.3	6.1	.532	.553	2.1	2.4	.875	0.6	1.9	2.4	2.6	0.7	0.0	1.6	1.6	15.3	
95	Kyle Kuzma	29	WAS	PF	32	30	27.7	6.0	14.2	.420	1.4	5.0	.281	4.6	9.2	.495	.469	1.8	3.1	.602	0.8	4.9	5.8	2.5	0.6	0.2	2.3	1.6	15.2	
96	Ivica Zubac	27	LAC	C	49	49	32.0	6.7	11.0	.610	0.0	0.0		6.7	11.0	.610	.610	1.7	2.8	.616	3.8	8.9	12.7	2.5	0.7	1.1	1.7	2.0	15.2	
97	Myles Turner	28	IND	C	46	46	30.6	5.4	11.3	.475	2.0	5.1	.398	3.3	6.2	.539	.565	2.3	3.1	.752	1.3	5.3	6.6	1.5	0.8	1.8	1.9	2.8	15.1	
98	Immanuel Quickley	25	TOR	PG	12	12	25.8	4.9	12.1	.407	2.1	5.7	.368	2.8	6.4	.442	.493	3.1	3.3	.925	0.2	1.9	2.1	5.7	0.6	0.2	1.4	1.5	15.0	
99	Deandre Ayton	26	POR	C	38	38	30.4	6.8	11.9	.570	0.2	0.8	.188	6.6	11.1	.599	.576	1.0	1.5	.679	3.1	7.2	10.3	1.6	0.8	1.0	1.7	2.2	14.7	
100	Jerami Grant	30	POR	PF	40	40	32.3	4.7	12.2	.385	2.3	6.1	.380	2.4	6.0	.390	.480	3.0	3.6	.852	0.6	2.8	3.3	2.2	0.7	1.1	1.3	2.3	14.7	
101	Deni Avdija	24	POR	SF	49	31	28.7	4.9	10.4	.466	1.5	4.4	.344	3.3	6.0	.554	.538	3.4	4.4	.776	1.2	5.2	6.4	3.4	1.0	0.6	2.5	2.3	14.6	
102	Christian Braun	23	DEN	SG	51	49	32.6	5.7	9.9	.574	1.0	2.6	.376	4.7	7.3	.644	.623	2.2	2.7	.831	1.3	3.7	5.0	2.1	1.1	0.5	1.0	2.3	14.6	
103	Fred VanVleet	30	HOU	PG	45	45	35.5	5.0	13.0	.387	2.7	7.8	.344	2.4	5.3	.450	.489	1.9	2.3	.824	0.7	3.2	3.9	5.8	1.6	0.4	1.6	2.4	14.6	
104	Dennis Schröder	31	2TM	SG	47	41	29.8	5.1	12.3	.418	2.0	5.6	.358	3.1	6.6	.469	.501	2.1	2.6	.842	0.3	2.3	2.6	5.5	1.1	0.1	2.3	2.6	14.4	
105	Dennis Schröder	31	BRK	PG	23	23	33.6	6.4	14.1	.452	2.5	6.5	.387	3.9	7.6	.509	.542	3.1	3.5	.889	0.2	2.8	3.0	6.6	1.1	0.2	2.6	2.4	18.4	
106	Dennis Schröder	31	GSW	SG	24	18	26.2	3.9	10.5	.375	1.5	4.8	.322	2.4	5.7	.419	.448	1.2	1.6	.744	0.4	1.9	2.3	4.4	1.0	0.1	2.0	2.8	10.6	
107	P.J. Washington	26	DAL	PF	42	41	32.9	5.2	11.8	.439	1.6	4.3	.380	3.6	7.6	.472	.507	2.4	3.2	.750	1.6	6.7	8.4	2.3	1.2	1.0	1.9	2.5	14.4	
108	Josh Hart	29	NYK	SG	50	50	37.6	5.5	9.9	.558	1.1	3.3	.343	4.4	6.6	.666	.615	2.1	2.6	.815	2.2	7.4	9.7	5.8	1.5	0.4	1.9	2.6	14.3	
109	Kelly Oubre Jr.	29	PHI	SF	47	44	34.5	5.5	12.0	.456	1.2	4.2	.291	4.3	7.8	.545	.507	2.2	3.0	.741	1.7	4.8	6.4	1.9	1.5	0.5	1.3	2.9	14.3	
110	Jakob Poeltl	29	TOR	C	45	44	30.9	6.2	10.2	.610	0.0	0.0	.000	6.2	10.2	.613	.610	1.7	2.6	.658	3.5	6.6	10.1	2.8	1.2	1.3	1.9	3.3	14.2	
111	Tre Mann	23	CHO	PG	13	0	24.5	5.4	12.4	.435	1.8	4.6	.400	3.5	7.8	.455	.509	1.5	1.6	.905	0.9	2.0	2.9	3.0	0.5	0.3	1.9	1.8	14.1	
112	Naz Reid	25	MIN	C	51	4	26.0	5.2	10.7	.484	2.2	5.3	.417	3.0	5.4	.549	.587	1.4	1.7	.798	1.0	4.3	5.3	1.9	0.8	0.9	1.2	2.3	14.0	
113	Payton Pritchard	27	BOS	PG	51	0	27.7	4.9	10.4	.470	3.2	7.6	.415	1.7	2.7	.621	.622	1.0	1.2	.847	1.4	2.3	3.7	3.4	0.9	0.2	1.0	1.6	13.9	
114	Dyson Daniels	21	ATL	SG	46	46	33.8	5.8	12.3	.472	1.2	3.5	.325	4.6	8.7	.531	.519	1.1	1.8	.617	1.7	3.7	5.4	3.8	3.0	0.8	1.9	2.5	13.8	
115	Amen Thompson	22	HOU	SF	48	21	31.4	5.3	9.7	.545	0.3	1.3	.233	5.0	8.4	.592	.560	3.0	4.1	.714	2.7	5.3	8.0	3.2	1.4	1.2	2.0	2.3	13.8	
116	Klay Thompson	34	DAL	SF	45	45	27.3	4.9	11.8	.419	3.0	7.7	.391	1.9	4.1	.470	.546	0.8	0.9	.902	0.6	2.8	3.4	2.0	0.8	0.4	1.4	1.2	13.7	
117	Jarrett Allen	26	CLE	C	51	51	29.0	5.6	8.0	.700	0.0	0.0	.000	5.6	7.9	.703	.700	2.5	3.4	.740	2.7	7.6	10.3	2.0	0.9	0.9	1.1	1.4	13.6	
118	Dillon Brooks	29	HOU	SF	48	48	32.3	5.0	11.8	.419	2.4	6.1	.387	2.6	5.8	.453	.518	1.3	1.5	.851	1.2	2.6	3.8	1.5	0.8	0.2	1.0	3.5	13.6	
119	Bobby Portis	29	MIL	PF	42	6	24.8	5.6	12.0	.466	1.3	3.5	.362	4.3	8.4	.510	.520	1.2	1.5	.820	1.7	6.4	8.1	2.0	0.7	0.6	1.2	1.7	13.6	
120	Malcolm Brogdon	32	WAS	PG	21	13	24.1	4.5	10.2	.437	0.8	2.4	.314	3.7	7.8	.476	.474	3.4	3.9	.866	1.0	3.0	4.0	4.0	0.5	0.2	1.6	1.4	13.1	
121	Tobias Harris	32	DET	PF	49	49	32.0	5.0	11.1	.448	1.2	3.9	.321	3.7	7.2	.517	.505	1.8	2.1	.864	0.9	5.1	6.0	2.3	0.9	0.9	1.1	1.9	13.0	
122	Russell Westbrook	36	DEN	PG	48	27	27.7	4.9	10.3	.477	1.1	3.5	.331	3.8	6.8	.550	.532	2.0	3.2	.641	1.4	3.7	5.1	6.4	1.5	0.5	3.0	2.5	13.0	
123	D'Angelo Russell	28	2TM	PG	42	20	25.7	4.4	10.9	.404	2.0	5.8	.335	2.4	5.0	.483	.493	2.2	2.5	.875	0.3	2.5	2.8	5.2	1.0	0.4	1.9	1.9	12.9	
124	D'Angelo Russell	28	LAL	PG	29	10	26.3	4.4	10.7	.415	1.9	5.8	.333	2.5	4.9	.510	.505	1.6	1.8	.849	0.3	2.5	2.8	4.7	0.8	0.1	1.7	1.8	12.4	
125	D'Angelo Russell	28	BRK	PG	13	10	24.3	4.2	11.2	.379	2.0	5.9	.338	2.2	5.2	.426	.469	3.5	3.9	.902	0.4	2.5	2.9	6.5	1.3	0.9	2.2	2.0	14.0	
126	Moritz Wagner	27	ORL	C	30	1	18.8	4.7	8.3	.562	0.9	2.5	.360	3.8	5.8	.649	.616	2.6	3.7	.718	1.3	3.6	4.9	1.4	0.8	0.4	1.6	1.8	12.9	
127	Rui Hachimura	26	LAL	PF	42	42	32.0	4.9	9.6	.504	1.6	3.8	.422	3.2	5.8	.557	.588	1.5	1.9	.772	1.5	3.6	5.1	1.5	0.8	0.5	0.9	1.9	12.8	
128	Santi Aldama	24	MEM	PF	43	11	24.6	5.0	10.1	.489	1.7	4.7	.370	3.2	5.5	.589	.573	1.0	1.5	.698	1.6	5.2	6.7	2.5	0.8	0.5	1.1	1.0	12.7	
129	Daniel Gafford	26	DAL	C	49	26	22.0	5.1	7.3	.699	0.0	0.0		5.1	7.3	.699	.699	2.4	3.4	.710	2.7	4.2	6.9	1.4	0.4	1.8	1.2	2.7	12.6	
130	Scoot Henderson	20	POR	PG	45	8	26.5	4.3	9.9	.434	1.5	4.0	.367	2.8	5.9	.479	.508	2.5	3.2	.785	0.7	2.4	3.1	5.4	1.2	0.3	2.7	2.7	12.6	
131	Khris Middleton	33	MIL	SF	23	7	23.2	4.7	9.2	.512	1.5	3.7	.407	3.2	5.4	.584	.595	1.7	2.0	.848	0.2	3.5	3.7	4.4	0.7	0.2	1.6	2.3	12.6	
132	Bilal Coulibaly	20	WAS	SF	46	46	33.1	4.5	10.5	.424	1.1	3.8	.277	3.4	6.7	.508	.474	2.5	3.2	.772	1.4	3.6	5.0	3.5	1.3	0.8	2.1	2.4	12.5	
133	Ayo Dosunmu	25	CHI	SG	41	23	30.7	4.8	9.9	.490	1.4	4.2	.345	3.4	5.7	.597	.563	1.3	1.7	.794	0.6	3.0	3.6	4.7	0.9	0.4	1.3	2.3	12.4	
134	Aaron Gordon	29	DEN	PF	30	21	26.7	4.3	8.5	.510	1.1	2.8	.405	3.2	5.7	.561	.576	2.5	3.2	.784	1.5	3.2	4.7	3.1	0.5	0.3	1.3	1.6	12.3	
135	Terry Rozier	30	MIA	PG	45	21	28.5	4.5	11.1	.409	1.6	5.2	.301	3.0	5.8	.506	.480	1.6	1.9	.859	0.8	3.4	4.2	2.9	0.6	0.3	1.4	1.4	12.3	
136	Stephon Castle	20	SAS	PG	47	29	25.5	4.4	10.8	.406	1.1	3.9	.275	3.3	6.9	.479	.455	2.4	3.3	.716	0.8	2.0	2.8	3.7	0.8	0.3	2.0	1.8	12.2	
137	Josh Giddey	22	CHI	PG	48	48	28.8	4.6	10.3	.448	1.3	3.8	.339	3.3	6.5	.513	.511	1.6	2.1	.755	1.6	5.6	7.3	6.6	1.1	0.5	2.8	1.6	12.1	
138	Keldon Johnson	25	SAS	SF	45	0	23.8	4.5	9.8	.456	1.1	3.7	.305	3.4	6.1	.547	.514	2.0	2.6	.765	1.3	3.4	4.7	1.4	0.6	0.2	0.8	1.5	12.1	
139	Brook Lopez	36	MIL	C	48	48	32.1	4.6	9.6	.475	1.9	5.2	.371	2.6	4.4	.596	.575	1.1	1.4	.800	1.1	3.6	4.7	1.7	0.7	1.9	1.0	2.2	12.1	
140	Onyeka Okongwu	24	ATL	C	44	10	25.0	4.8	8.4	.573	0.5	1.6	.292	4.3	6.8	.641	.601	2.0	2.7	.739	2.8	5.1	7.9	2.0	0.8	0.9	1.0	2.4	12.1	
141	Keegan Murray	24	SAC	PF	48	48	35.1	4.7	10.7	.436	1.8	5.5	.327	2.9	5.2	.552	.520	0.8	1.0	.816	2.2	4.9	7.1	1.4	0.8	0.8	0.9	2.6	12.0	
142	Daeqwon Plowden	26	ATL	SG	2	0	16.5	4.0	5.0	.800	3.0	4.0	.750	1.0	1.0	1.000	1.100	1.0	1.0	1.000	1.5	1.0	2.5	0.0	0.0	0.0	0.5	2.5	12.0	
143	Jeremy Sochan	21	SAS	PF	29	19	27.1	4.9	9.1	.536	0.5	1.5	.318	4.4	7.6	.580	.563	1.8	2.6	.707	2.4	4.9	7.4	2.6	0.9	0.6	1.8	2.4	12.0	
144	Jabari Smith Jr.	21	HOU	PF	33	33	30.9	4.1	9.5	.435	1.7	4.8	.354	2.4	4.7	.516	.524	2.0	2.3	.867	1.8	4.7	6.5	1.0	0.4	1.0	0.9	2.3	11.9	
145	Harrison Barnes	32	SAS	PF	48	48	28.0	4.0	7.9	.505	1.5	3.6	.417	2.5	4.3	.580	.601	2.2	2.7	.802	1.5	2.5	4.0	1.8	0.4	0.2	0.6	1.0	11.7	
146	Buddy Hield	32	GSW	SG	51	19	23.5	4.2	10.2	.413	2.6	7.0	.371	1.6	3.2	.506	.541	0.7	0.9	.822	0.6	2.7	3.3	1.7	0.8	0.3	1.2	1.8	11.7	
147	Dante Exum	29	DAL	PG	4	3	18.8	4.3	8.5	.500	1.3	3.0	.417	3.0	5.5	.545	.574	1.8	2.5	.700	0.3	1.0	1.3	3.3	0.8	0.0	1.3	1.5	11.5	
148	Corey Kispert	25	WAS	SF	45	0	26.6	4.2	9.3	.450	1.9	5.4	.357	2.3	3.9	.580	.554	1.2	1.4	.869	0.6	2.3	3.0	1.6	0.6	0.2	1.0	1.6	11.5	
149	Alex Sarr	19	WAS	C	41	41	26.8	4.3	10.9	.397	1.4	4.6	.307	2.9	6.3	.463	.462	1.4	2.1	.644	1.8	4.8	6.6	2.2	0.7	1.6	1.4	2.4	11.5	
150	Jonas Valančiūnas	32	2TM	C	50	12	20.0	4.7	8.6	.542	0.1	0.5	.259	4.5	8.1	.561	.550	1.9	2.2	.898	2.4	5.7	8.2	2.2	0.4	0.6	1.8	2.0	11.4	